180863401
181306803
183439918
194431119
195228394
242951918
244773010
245590128
246006134
246807920
247276256
272924230
273731900
308459946
443494759
443496201
443852556
460822518
461743619
463915029
464363662
464818932
465175512
465641019
466286611
466900829
467299686
468024957
469003554
469479506
470835506
479473798
480529442
482541787
483694139
484297849
484883810
485442069
490805154
498581575
502988866
506217285
507318133
512002628
517155873
601421695
609555804
615082258
77837055
79117457
82636352
82980234
83624387
84354916
88725676